# energy(eV), abs len(cm)
      1.5498024,  48.66809,
      1.5694201,  48.66475,
      1.5734035,  48.24148,
      1.5774070,  47.50742,
      1.5814310,  47.61985,
      1.5854756,  45.87167,
      1.5895410,  42.57084,
      1.5936271,  42.05114,
      1.5977345,  41.56123,
      1.6018629,  40.46747,
      1.6060128,  40.19045,
      1.6101843,  39.64815,
      1.6143775,  39.55353,
      1.6185926,  38.1934 ,
      1.6228298,  37.93213,
      1.6270891,  37.64604,
      1.6313709,  37.19744,
      1.6335204,  37.15573,
      1.6356753,  37.10035,
      1.6378361,  37.1967 ,
      1.6400025,  37.15499,
      1.6421747,  37.04463,
      1.6443527,  36.86683,
      1.6465365,  37.27889,
      1.6487260,  37.22312,
      1.6509213,  37.16753,
      1.6531225,  37.2226 ,
      1.6553297,  36.94729,
      1.6575427,  36.91975,
      1.6597615,  36.98776,
      1.6619865,  36.67549,
      1.6642174,  36.82379,
      1.6664542,  36.80997,
      1.6686971,  36.83682,
      1.6709460,  36.93178,
      1.6732010,  36.74154,
      1.6754620,  37.01325,
      1.6777292,  37.02668,
      1.6800026,  37.17782,
      1.6822821,  37.58274,
      1.6845678,  37.78123,
      1.6868597,  38.28722,
      1.6891580,  39.11049,
      1.6914624,  40.06603,
      1.6937732,  40.80132,
      1.6960902,  41.68538,
      1.6984136,  43.23494,
      1.7007433,  45.14743,
      1.7030796,  47.50622,
      1.7042501,  59.45309,
      1.7101268,  66.97682,
      1.7160442,  73.52345,
      1.7220026,  80.96067,
      1.7280027,  89.02927,
      1.7340447,  98.88406,
      1.7401290,  108.8914,
      1.7462562,  120.278 ,
      1.7524267,  131.4976,
      1.7586410,  141.1365,
      1.7648995,  149.7906,
      1.7712027,  159.0673,
      1.7775512,  167.5794,
      1.7839452,  177.3677,
      1.7903855,  184.2061,
      1.7968724,  191.9603,
      1.8034065,  197.2335,
      1.8099883,  203.6299,
      1.8166182,  206.97  ,
      1.8232969,  212.6582,
      1.8300250,  214.4469,
      1.8368028,  220.5581,
      1.8436311,  220.5189,
      1.8505104,  224.9425,
      1.8574411,  226.4279,
      1.8644240,  230.0294,
      1.8714595,  232.6588,
      1.8785484,  240.4409,
      1.8856912,  250.631 ,
      1.8928884,  265.1923,
      1.9001409,  274.5905,
      1.9074491,  288.7884,
      1.9148138,  292.9358,
      1.9222355,  301.6854,
      1.9297150,  304.3469,
      1.9372530,  314.9847,
      1.9448501,  317.9842,
      1.9525069,  324.5821,
      1.9602244,  326.2664,
      1.9680030,  334.7731,
      1.9758437,  335.9947,
      1.9837471,  343.9499,
      1.9917139,  346.6701,
      1.9997450,  353.2574,
      2.0078411,  359.1913,
      2.0160031,  362.8063,
      2.0242317,  364.3547,
      2.0325277,  366.9872,
      2.0408921,  368.8362,
      2.0493255,  375.8553,
      2.0578289,  391.3903,
      2.0664032,  432.8218,
      2.0750492,  496.8018,
      2.0837679,  567.7426,
      2.0925603,  622.3243,
      2.1014271,  692.7945,
      2.1103692,  761.0276,
      2.1193879,  836.3791,
      2.1284840,  920.5709,
      2.1376586,  1005.055,
      2.1469123,  1067.583,
      2.1562469,  1143.565,
      2.1656628,  1194.373,
      2.1751614,  1248.282,
      2.1847434,  1282.08 ,
      2.1944106,  1329.952,
      2.2041633,  1330.011,
      2.2140033,  1364.471,
      2.2239318,  1385.154,
      2.2339494,  1400.473,
      2.2440577,  1402.14 ,
      2.2542579,  1454.765,
      2.2645514,  1511.38 ,
      2.2749393,  1567.521,
      2.2854228,  1617.322,
      2.2960036,  1650.935,
      2.3066826,  1666.153,
      2.3174615,  1698.627,
      2.3283417,  1705.622,
      2.3393245,  1736.282,
      2.3504112,  1746.257,
      2.3616037,  1771.704,
      2.3729031,  1765.941,
      2.3843114,  1778.787,
      2.3958297,  1801.275,
      2.4074600,  1801.098,
      2.4192038,  1871.445,
      2.4310627,  2038.515,
      2.4430382,  2227.968,
      2.4551325,  2335.315,
      2.4673471,  2477.33 ,
      2.4796839,  2609.603,
      2.4921446,  2675.018,
      2.5047312,  2781.248,
      2.5174456,  2837.945,
      2.5302896,  2904.591,
      2.5432656,  2921.426,
      2.5563750,  2954.918,
      2.5696206,  2961.674,
      2.5830040,  2958.705,
      2.5965276,  2972.306,
      2.6101935,  2993.917,
      2.6240041,  2996.668,
      2.6379616,  2980.419,
      2.6520684,  2972.012,
      2.6663268,  2935.516,
      2.6807394,  2896.223,
      2.6953084,  2873.216,
      2.7100370,  2846.127,
      2.7249272,  2797.048,
      2.7399821,  2746.929,
      2.7552042,  2737.258,
      2.7705965,  2760.266,
      2.7861617,  2772.287,
      2.8019025,  2764.551,
      2.8178225,  2760.003,
      2.8339243,  2749.464,
      2.8502114,  2733.765,
      2.8666866,  2699.12 ,
      2.8833532,  2651.815,
      2.9002149,  2607.352,
      2.9172752,  2556.95 ,
      2.9345372,  2506.966,
      2.9520047,  2467.111,
      2.9696813,  2422.297,
      2.9875710,  2369.699,
      3.0056775,  2314.644,
      3.0240047,  2254.012,
      3.0425568,  2190.726,
      3.0613382,  2130.87 ,
      3.0803525,  2063.424,
      3.0996048,  1984.915,
      3.1190991,  1900.741,
      3.1388402,  1847.145,
      3.1588330,  1802.418,
      3.1790819,  1756.767,
      3.1995921,  1699.402,
      3.2203686,  1655.983,
      3.2414167,  1593.297,
      3.2627418,  1536.487,
      3.8745060,  770.3476,
      3.8866518,  751.5566,
      3.8988740,  763.8015,
      3.9111733,  742.8723,
      3.9235504,  743.9189,
      3.9360061,  724.8667,
      3.9485412,  721.9567,
      3.9611564,  700.8106,
      3.9738524,  686.836 ,
      3.9866300,  668.3478,
      3.9994900,  679.9253,
      4.0124335,  659.402 ,
      4.0254607,  674.0552,
      4.0385728,  654.5132,
      4.0517712,  641.6771,
      4.0650554,  644.2255,
      4.0784273,  623.6882,
      4.0918875,  607.2519,
      4.1054368,  626.7824,
      4.1190763,  588.0856,
      4.1328063,  599.2632,
      4.1466284,  592.6604,
      4.1605434,  594.4556,
      4.1745520,  580.5732,
      4.1886549,  558.3517,
      4.2028542,  551.6115,
      4.2171493,  541.3911,
      4.2315426,  529.7552,
      4.2460341,  525.5997,
      4.2606254,  518.1684,
      4.2753172,  510.5872,
      4.2901106,  507.2124,
      4.3050065,  496.2838,
      4.3200068,  492.9059,
      4.3351116,  481.465 ,
      4.3503227,  474.4704,
      4.3656406,  465.6254,
      4.3810668,  464.2283,
      4.3966026,  457.6633,
      4.4122486,  437.377 ,
      4.4280066,  428.6038,
      4.4438777,  429.291 ,
      4.4598632,  424.7795,
      4.4759636,  417.1207,
      4.4921808,  419.0925,
      4.5085158,  407.2763,
      4.5249705,  399.1885,
      4.5415454,  398.5085,
      4.5582423,  400.4528,
      4.5750623,  382.3299,
      4.5920072,  377.2905,
      4.6090779,  371.8867,
      4.6262760,  369.2632,
      4.6436028,  364.0594,
      4.6610599,  351.4776,
      4.6786489,  350.9891,
      4.6963711,  340.7506,
      4.7142277,  333.6708,
      4.7322211,  331.2453,
      4.7503524,  314.9062,
      4.7686229,  316.4662,
      4.7870345,  308.2646,
      4.8055887,  309.3313,
      4.8242874,  301.9914,
      4.8431325,  298.3558,
      4.8621254,  294.1306,
      4.8812675,  286.3843,
      4.9005609,  280.8511,
      4.9200077,  278.9201,
      4.9396091,  278.1038,
      4.9593678,  267.8667,
      4.9792848,  262.3613,
      4.9993625,  258.8115,
      5.0196028,  254.3199,
      5.0400076,  251.428 ,
      5.0605793,  249.282 ,
      5.0813193,  244.3319,
      5.1022301,  239.3989,
      5.1233139,  233.8332,
      5.1445723,  227.3714,
      5.1660080,  222.8277,
      5.1876230,  221.3552,
      5.2094197,  220.6687,
      5.2314005,  213.4485,
      5.2535672,  209.0073,
      5.2759233,  203.2367,
      5.2984695,  201.3065,
      5.3212099,  198.8034,
      5.3441463,  195.5402,
      5.3672810,  189.9545,
      5.3906169,  186.141 ,
      5.4141569,  183.3301,
      5.4379029,  179.838 ,
      5.4618587,  175.467 ,
      5.4860263,  171.4316,
      5.5104084,  170.443 ,
      5.5350084,  164.9994,
      5.5598292,  161.9968,
      5.5848737,  158.5259,
      5.6101446,  153.7245,
      5.6356449,  150.7138,
      5.6613789,  143.2045,
      5.6873484,  140.786 ,
      5.7135572,  138.3313,
      5.7400088,  134.7671,
      5.7667065,  132.1422,
      5.7936540,  128.5138,
      5.8208542,  125.4034,
      5.8483109,  122.4042,
      5.8760281,  119.8392,
      5.9040093,  115.4745,
      5.9322581,  114.3128,
      5.9607782,  110.2703,
      5.9895744,  107.249 ,
      6.0186501,  103.3762,
      6.0480094,  100.6679,
      6.0776563,  96.75936,
      6.1075954,  90.77467,
      6.1378312,  83.17487,
      6.1683679,  77.27537,
      6.1992097,  69.15629,
      6.2303615,  60.22004,
      6.2618279,  49.15661,
      6.2936139,  36.96279,
      6.3257241,  27.32079,
      10.33,      27.32079,
      15.50       27.32079
